100
0
99
-9.74914
-9.62691
-9.56374
-9.28953
-9.07758
-8.86425
-8.78277
-8.71548
-8.66329
-8.53282
-8.4962
-8.15378
-8.10526
-8.09061
-7.49413
-7.38884
-7.20252
-7.09815
-7.08075
-6.86834
-6.84317
-6.82577
-6.54378
-6.51036
-6.292
-5.89236
-5.86123
-5.77334
-5.76464
-5.6827
-5.67721
-5.59847
-5.39247
-5.05325
-4.68108
-4.54604
-4.24802
-4.09009
-4.08322
-4.03607
-3.99533
-3.88913
-3.84289
-3.72341
-3.71471
-3.70281
-3.68862
-3.41212
-3.20933
-3.17728
-2.69158
-2.59407
-2.57576
-2.18619
-2.08136
-1.73528
-1.63961
-1.58879
-1.57781
-1.50227
-1.38554
-0.705741
-0.667745
-0.490585
-0.471816
-0.269478
-0.258034
-0.170141
0.0715659
0.197913
0.237281
0.655232
0.690023
0.769219
0.794397
1.01733
1.02374
1.23707
1.53645
1.66234
1.8244
1.93197
2.06839
2.26341
2.61223
2.66762
2.82739
2.83197
2.92398
2.96518
3.40739
3.7141
3.81252
3.99792
4.11283
4.12336
4.15403
4.37422
4.39207
4.55962